[ 2015020012,
  2015020022,
  2015020037,
  2015020058,
  2015020790,
  2015020796,
  2015020945,
  2015020916,
  2015020107,
  2015020553,
  2015020775,
  2015020981,
  2015020878,
  2015020968,
  2015020173,
  2015020583,
  2015020573,
  2015020125,
  2015020154,
  2015020138,
  2015020907,
  2015020520,
  2015020608,
  2015020627,
  2015020274,
  2015020252,
  2015020543,
  2015020596,
  2015020762,
  2015020081,
  2015020075,
  2015020960,
  2015020094,
  2015020336,
  2015020374,
  2015020382,
  2015020732,
  2015020745,
  2015020344,
  2015020445,
  2015020715,
  2015020651,
  2015020400,
  2015020428,
  2015020359,
  2015020453,
  2015020494,
  2015020636,
  2015020667,
  2015020486,
  2015020467,
  2015020195,
  2015020216,
  2015020212,
  2015020238,
  2015020825,
  2015020836,
  2015020893,
  2015020847,
  2015020318,
  2015020307,
  2015020682,
  2015020869,
  2015020411,
  2015020509,
  2015020694,
  2015020292]
67 games

